amino,ABCpred,BcePred,BCPREDS,Bepipred2_0,LBtope,LEPS
A,0.1681848678837831,0.13119006936599376,0.21909640655729287,0.17509059139826028,0.14372853694323562,0.1627095278514343
F,0.19860948847557708,0.01578303379349012,0.2774074588018229,0.1884520340374592,0.15389999896728013,0.1658479859243705
C,0.17379987499691216,0.13251188333823183,0.23964697456110515,0.1559304500881283,0.1287240776666931,0.1693867393489295
D,0.1637221146286401,0.15484669819509198,0.20381470636021007,0.17090328272090302,0.13003167576592226,0.17668152232923254
N,0.15683094555233484,0.1573149697626264,0.19924534867054838,0.17498079217635304,0.12306341393092335,0.1885645299072139
E,0.15589049944662775,0.14959713198830335,0.20868913393156419,0.17211637713948247,0.13125261649549733,0.18245424099852495
Q,0.16291311054890806,0.13015622569827362,0.2120494225997712,0.1694433952160725,0.13549353149006851,0.1899443144469061
G,0.16173349410953655,0.13217169067529044,0.20465192128720852,0.17437501424338656,0.14027568156618653,0.18679219811839123
H,0.1708462034472494,0.1181524457095193,0.22351643618361233,0.18613190087788897,0.13265527704079136,0.16869773674093874
L,0.20447454277425975,0.02803252342566597,0.27009351788597225,0.1945261228784397,0.13883557509182462,0.16403771794383767
I,0.19480466778616323,0.04896446231901846,0.27331060337661567,0.1863545597115474,0.1442662911405701,0.15229941566608504
K,0.1565378640154254,0.1324062955994541,0.21115126568280587,0.1717490542440785,0.1300277733648715,0.19812774709336467
M,0.17101280221024198,0.05384166787043961,0.24697124632779244,0.19975784866906868,0.13981470335478,0.1886017315676773
P,0.1667991199686459,0.11421908919998187,0.20437240745383228,0.180275615653551,0.1523990204334869,0.18193474729050207
R,0.16474816956329452,0.13018084193091248,0.20738462516297054,0.1668539699965413,0.13795736867099834,0.19287502467528278
S,0.16761209885003878,0.15307259578603627,0.2036347256750282,0.17261795664498433,0.12281956605848206,0.1802430569854303
T,0.1608871484129647,0.1554591103765701,0.21398673548004202,0.16357894800096728,0.12589446977227703,0.1801935879571789
V,0.20104737815142065,0.08407183230710807,0.271833294577512,0.16768764178494433,0.11834281119141417,0.15701704198760072
W,0.18292471615399125,0.02697550375114821,0.25771181963133055,0.2152891775728335,0.12163303849812081,0.19546574439257564
Y,0.16754568832193606,0.091530681103024,0.22858434817578002,0.17880220904300642,0.14207316626475305,0.1914639070915004
AA,0.16451309583087256,0.15060753810812016,0.2151672211691307,0.1957869230178401,0.12969758374637005,0.14422763812766645
AF,0.22319369501836817,0.0,0.31436893826986423,0.18648420570613655,0.11664855665569035,0.15930460434994057
AC,0.14092622639246047,0.19220518877010415,0.31801669790100495,0.22987503286547947,0.0,0.11897685407095103
AD,0.17303562374605821,0.14892389939454895,0.20360034027796436,0.1874339494244375,0.12401887999560522,0.16298730716138576
AN,0.14616997728782485,0.18028885561846175,0.19237538462074416,0.16689085573174578,0.13865514050656952,0.1756197862346539
AE,0.15662081098341551,0.1662709411703097,0.20899575099315515,0.16407894483976865,0.17788138428734848,0.1261521677260026
AQ,0.09801722025937394,0.17566722591939746,0.2059967933145194,0.18507971192784933,0.1257504677054377,0.2094885808734221
AG,0.15423138691217997,0.1347073003862615,0.2052413602361628,0.17759988423554082,0.17085662393214512,0.1573634442977097
AH,0.10982788875874376,0.0,0.3573067314284464,0.275741665831785,0.0,0.25712371398102485
AL,0.2178336722485623,0.03151320410502134,0.310595596785479,0.2678524176951409,0.08093055918687896,0.09127454997891742
AI,0.25709411714898767,0.0,0.2935197004744841,0.1679009423890644,0.17050872285627808,0.11097651713118564
AK,0.15309967908351274,0.14704981851706278,0.22099609442408885,0.1770915981601366,0.10873133176259658,0.1930314780526024
AM,0.2271137952959347,0.0,0.25484962750680507,0.20659680417400783,0.1369821439385634,0.17445762908468887
AP,0.15337786742562423,0.09525276140143896,0.22844839750300192,0.20869468772271577,0.13630795973349516,0.17791832621372408
AR,0.18755780089865925,0.12926682236527254,0.2173735293377491,0.1877276163782503,0.0998523451887087,0.1782218858313601
AS,0.15400684558798158,0.1404157285577985,0.22604736614790424,0.17313038782911805,0.13592458964824272,0.17047508222895497
AT,0.1707732411402373,0.17969883728545957,0.22653964963753692,0.1788968601185395,0.06730461722929044,0.17678679458893626
AV,0.20450608639564063,0.06794433053268788,0.32263833696575245,0.18064621104852902,0.062485039915126606,0.1617799951422634
AW,0.19775162851323447,0.0,0.3216769352866167,0.23590778689055614,0.1533827468444026,0.09128090246519008
AY,0.19134923782152535,0.13271456853391292,0.22887539213552263,0.1871984109864073,0.09779855978134559,0.16206383074128625
FA,0.1903718905781763,0.0,0.34488094462671187,0.23983532939652338,0.12679251350166337,0.09811932189692517
FF,0.1520235149301278,0.0,0.43118559084762753,0.16886822572570984,0.24792266849653471,0.0
FC,0.17693812849554597,0.0,0.4240279378924096,0.0873451378417214,0.21485344174459148,0.09683535402573139
FD,0.21409048941020328,0.0,0.2752844665567793,0.11273611364210863,0.13089915417333722,0.2669897762175717
FN,0.19583818590445837,0.0,0.23783516502269905,0.2302212338762268,0.16412769045710582,0.1719777247395099
FE,0.15887832148254663,0.06350696982480575,0.24963034937929268,0.21291182239236747,0.18928776442927545,0.12578477249171208
FQ,0.28026980385849,0.0,0.2992969460077426,0.1127818883267856,0.3076513618069818,0.0
FG,0.1730618309723025,0.0,0.28212321414257785,0.22684180587950278,0.15000279807032546,0.1679703509352916
FH,0.1827945069674427,0.11146596258199883,0.2522058143269468,0.2640603766924907,0.0,0.1894733394311211
FL,0.2555697734811667,0.0,0.3650442322594646,0.1960502616544609,0.07139644384759003,0.11193928875731783
FI,0.21995090541933626,0.0,0.34315053897898506,0.26593825123580445,0.17096030436587425,0.0
FK,0.20332953031342413,0.0,0.27961680011233275,0.14699647691339876,0.15010821271401745,0.2199489799468268
FM,0.21684972694360927,0.0,0.24483033687181685,0.0,0.2529913481008775,0.2853285880836964
FP,0.17364767744657383,0.0,0.2836756627962675,0.14965080782221815,0.2934853903683438,0.09954046156659663
FR,0.16064568180288577,0.04609600675230768,0.2637680813141118,0.207485223930928,0.13953496323337128,0.18247004296639543
FS,0.22264442967559508,0.06173162504429961,0.24926535623513407,0.1911853868270533,0.10660944035394145,0.1685637618639765
FT,0.18839250868869015,0.0,0.2543753921666131,0.23816314472178365,0.12636737645955035,0.19270157796336287
FV,0.26748953223150757,0.0,0.3715648638789031,0.20493326783708046,0.0,0.1560123360525088
FW,0.30241362991008053,0.0,0.3279697113109324,0.0,0.0,0.3696166587789872
FY,0.2213889941806744,0.0,0.3344334303153876,0.1681561349057707,0.0755853333667353,0.20043610723143204
CA,0.17010367753650574,0.11609137580326474,0.42943970795021236,0.2843652387100172,0.0,0.0
CF,0.3630573248407643,0.0,0.6369426751592356,0.0,0.0,0.0
CC,0.18254421105019158,0.10946459475189609,0.2639238388803384,0.0,0.18951359355724742,0.25455376176032635
CD,1.0,0.0,0.0,0.0,0.0,0.0
CN,0.22081739970536407,0.1431110102761601,0.21842306628486677,0.14552333240470894,0.0,0.2721251913289002
CE,0.14700673161662167,0.16430164121857713,0.2143563272642367,0.16698047232540175,0.10522057160230797,0.20213425597285475
CQ,0.2288107306955385,0.12518839978284635,0.25095370463381644,0.25211552734045445,0.0,0.14293163754734428
CG,0.15615468552460327,0.16854533395583338,0.2063579264048158,0.21916217499717236,0.08276472048291306,0.1670151586346621
CH,0.20850851550297544,0.10174642337258598,0.32680142606426615,0.173147422230541,0.1897962128296315,0.0
CL,0.2730629607341079,0.0,0.28623672994668886,0.22610474555255303,0.1311815795886373,0.08341398417801266
CI,0.27712032341459736,0.0,0.35220722179894265,0.18533622739323,0.18533622739323,0.0
CK,0.12830659587659712,0.2195667459009055,0.2630210705251962,0.10814763215004486,0.14898759323828548,0.13197036230897083
CM,0,0,0,0,0,0
CP,0.27042597615171343,0.0,0.3252282099551857,0.09400757017682738,0.0,0.3103382437162735
CR,0.33629242819843336,0.2697650130548303,0.3939425587467362,0.0,0.0,0.0
CS,0.08907147084213261,0.1768205418906855,0.22927342437552362,0.2149540634669881,0.08790153033194696,0.20197896909272323
CT,0.16544900772655466,0.17200346464677044,0.22319975915296128,0.07790347317455652,0.11713641473097372,0.24430788056818348
CV,0.2352596041800751,0.0,0.36527257153901843,0.0685566791105704,0.1859309774971561,0.14498016767318003
CW,0.16908376572161418,0.0,0.2187806833492508,0.2165855594360476,0.19505747672101872,0.2004925147720688
CY,0.20103492157564354,0.0,0.30392681057105164,0.24275915058190917,0.2522791172713958,0.0
DA,0.17460540393475776,0.1630816380658894,0.19669667324601303,0.13927913563004302,0.13362599973435385,0.19271114938894288
DF,0.17737785612164178,0.08990861862354338,0.31725120886921027,0.1883271064995209,0.12452649490988729,0.10260871497619638
DC,0.11023019401244684,0.12176713153991511,0.242972819837037,0.23718315772813223,0.13746214312400729,0.15038455375846152
DD,0.14976938346690158,0.18448550220732576,0.20250860261701226,0.17572291021609238,0.10152328231621009,0.18599031917645806
DN,0.1782110221034842,0.18151397762121055,0.1941430939990536,0.17669793064349706,0.09003236482639997,0.17940161080635472
DE,0.128833168836446,0.17079761520737302,0.20518163874618003,0.1646731460552093,0.13284973773589337,0.1976646934188982
DQ,0.21970806251305816,0.11056012956298174,0.23310680669627246,0.17039402658403235,0.12856638197803857,0.13766459266561668
DG,0.1301416201783088,0.1808200646933396,0.19448237774791827,0.18283700814359213,0.12709154894212307,0.1846273802947181
DH,0.16444476425731222,0.07556352723795508,0.23241922457306038,0.16319423373064065,0.20056113771569384,0.16381711248533773
DL,0.1949105045178015,0.06753800225978114,0.2630092997297537,0.1840042603270177,0.1173494054377759,0.17318852772787002
DI,0.25877907324293986,0.03828305639608193,0.3107775975863874,0.21008001464722484,0.1360565377880376,0.04602372033932852
DK,0.13542397125612587,0.17245522524159151,0.21704425236628097,0.17198089324852964,0.10055663299530256,0.20253902489216943
DM,0.07576273187366515,0.0948932012445706,0.2512026918888102,0.257346235983917,0.10378456421050024,0.2170105747985368
DP,0.13981461976858067,0.1399107100134685,0.19413333332439944,0.18166039927283548,0.13817218499679204,0.20630875262392404
DR,0.16119501277822817,0.15869214753403088,0.1706216217126275,0.1638095295169892,0.13785685599612688,0.20782483246199737
DS,0.14859175718901058,0.177140439300675,0.21556514753950842,0.17709254922404713,0.06978164292350353,0.21182846382325535
DT,0.15356961094957702,0.2065990448903806,0.19360129986783078,0.16812782922016498,0.10446479144838298,0.17363742362366366
DV,0.2330176850350313,0.18794306263179858,0.29282783008859653,0.16982836317678265,0.03487986258206384,0.08150319648572708
DW,0.1815627460941419,0.0768571769396096,0.2240765581197068,0.19182439338657647,0.17611921357748173,0.14955991188248352
DY,0.09222138754822373,0.12382327215241888,0.22533550303793762,0.17344515916079015,0.18700757789404016,0.19816710020658945
NA,0.140047102538757,0.17571947771372337,0.20600477018604257,0.19745156859704613,0.11786514535812165,0.16291193560630918
NF,0.2694161959016307,0.04378403415434959,0.2422155222769468,0.2602641429099817,0.0,0.18432010475709124
NC,0.12032174067702854,0.20376903694060924,0.2194527278258813,0.1224320591806452,0.10588829581899016,0.2281361395568456
ND,0.1456544483810701,0.19066418167005325,0.2140417963015725,0.2097553936188102,0.06493635172820654,0.17494782830028743
NN,0.10638473069628063,0.18677435223565142,0.18356064136866843,0.18774375638747146,0.11900486824423935,0.21653165106768874
NE,0.13588257299301035,0.18483806229007552,0.1855092586683984,0.1859845116090939,0.10590408907906058,0.2018815053603612
NQ,0.16173042331520882,0.13585484723914767,0.2069155428637089,0.11556020317256246,0.16531511864204798,0.2146238647673241
NG,0.16972850382351212,0.1743723023383301,0.22104884349529194,0.20161735627227778,0.0,0.23323299407058806
NH,0.15390627913720387,0.17126413016771563,0.2135449623028704,0.19807068967222766,0.0607416781661498,0.20247226055383263
NL,0.15366872362876902,0.043134874770757184,0.2431063155264916,0.19868551975180027,0.18279709773610703,0.17860746858607504
NI,0.22578304973450444,0.0,0.3316609077875977,0.18419093529632974,0.12303209017011167,0.13533301701145656
NK,0.12698755641959672,0.1452174335830398,0.20191534883227247,0.1608275563916346,0.13653949602401053,0.22851260874944604
NM,0.2970368920220311,0.0,0.15773851006313264,0.34859496975037996,0.0,0.1966296281644563
NP,0.15744921508575438,0.16748114427455424,0.18866083372747225,0.16194447086053068,0.12315910614183286,0.20130522990985553
NR,0.16593187453821917,0.1636460783073355,0.1972956234074379,0.1667080631405289,0.14239569965921314,0.16402266094726542
NS,0.13280442205963078,0.1937326389668044,0.2528430995585649,0.17278126339390737,0.05128688946035369,0.19655168656073901
NT,0.12495745608013713,0.17400611372969726,0.2114061373676918,0.18433059606088895,0.09226129064699279,0.21303840611459218
NV,0.1586421557920553,0.1570297147159754,0.21604036997268805,0.1846785232838871,0.1451529687316212,0.1384562675037729
NW,0.23090302343559305,0.058398236705343956,0.28704218041609747,0.18467818445279713,0.058398236705343956,0.18058013828482442
NY,0.1371900245988491,0.1208005730385856,0.22311135676089802,0.18827901813435802,0.14575371538001766,0.1848653120872916
EA,0.14436663855125884,0.13884238410396058,0.24292159358047433,0.19030715804946083,0.04834360590542396,0.2352186198094214
EF,0.17488702429452704,0.0,0.2476243791973573,0.1915905196761267,0.1593552326203526,0.22654284421163634
EC,0.11727192462348192,0.25429081665777126,0.2784715304946299,0.12709857760758583,0.0,0.222867150616531
ED,0.15151507039829212,0.17533106200281404,0.18835823322270792,0.16292406172802923,0.15225368790104618,0.16961788474711048
EN,0.14052103898414803,0.1454856731386287,0.195358109451002,0.18885565607283375,0.13468288471724355,0.19509663763614396
EE,0.1431506018062998,0.17603805103865053,0.2091810088055753,0.1612141701111327,0.1196631875668634,0.19075298067147822
EQ,0.14050636844730835,0.1379827669139911,0.25108589775831347,0.2048385990195067,0.036716540209238986,0.2288698276516414
EG,0.1348693623691721,0.1686177795953615,0.20258414161548313,0.18050900610633336,0.14191557501852964,0.17150413529512024
EH,0.1233338364598781,0.10954242287972725,0.2111501348110991,0.1727617946069826,0.17176905892155442,0.21144275232075854
EL,0.17496467458425632,0.06675056028678739,0.2688027712186421,0.17133130681925954,0.11978338686853891,0.1983673002225158
EI,0.178124882336237,0.08617096532834749,0.26633062793518014,0.1975359702988699,0.17242235903575823,0.09941519506560724
EK,0.16455866967730237,0.14453081736994672,0.20809744191815358,0.19665263504489747,0.0826987635731093,0.2034616724165906
EM,0.0,0.16386028613361142,0.24942280007530016,0.23333100652205493,0.12244940366453672,0.23093650360449683
EP,0.10749001839163946,0.14520464736939911,0.20275118964482922,0.18098782117157655,0.17433187975404832,0.18923444366850728
ER,0.15378617726536087,0.16356472660790847,0.20243194643985563,0.16216076659125134,0.11893305586428723,0.19912332723133652
ES,0.15733366615112265,0.18547017045787154,0.18377502317516903,0.17960091336602196,0.1097728566686517,0.18404737018116316
ET,0.13480711349868035,0.16300594051952094,0.21735058678341485,0.1809183226943042,0.11306425270309517,0.19085378380098442
EV,0.18393356899593258,0.1397692651916116,0.28436434427529333,0.17175253793659925,0.13119446364611398,0.08898581995444921
EW,0.18188424552620627,0.0,0.22686637076387023,0.21892163404451292,0.13789916654274464,0.2344285831226659
EY,0.15830968642313384,0.08592013936386292,0.22756338997546183,0.16176069428977996,0.15149622747045907,0.21494986247730238
QA,0.18684144348873077,0.15407545103389203,0.2373077912847965,0.16527369969489417,0.0849660821197938,0.17153553237789265
QF,0.19528824159265437,0.0,0.2514055523951413,0.1440754414732782,0.1886769209137364,0.22055384362518962
QC,0,0,0,0,0,0
QD,0.19227918650899192,0.1705530122196721,0.24606254766281788,0.0936802083107763,0.11671855001415087,0.18070649528359092
QN,0.1648096480148265,0.1527945284695172,0.22711768166848537,0.1648096480148265,0.07432466227594704,0.21614383155639738
QE,0.1541202551962939,0.1694364553971392,0.22252058063606364,0.18458011903647406,0.04774998968961062,0.22159260004441858
QQ,0.1652487971448109,0.14736015412303802,0.2209580906304194,0.1542941497845667,0.14201056171159743,0.17012824660556755
QG,0.11778575900503141,0.12944459550365672,0.21670891564106762,0.16224113265188617,0.14855707485540243,0.22526252234295574
QH,0.10573551115937568,0.12250214221464813,0.21889342578239612,0.1683052002949042,0.18260540790088095,0.20195831264779485
QL,0.18489747305321172,0.0,0.2934878487957051,0.20426037026025962,0.12388640907468379,0.19346789881613974
QI,0.1762815182869472,0.042644922550548546,0.2722426172361242,0.24434388055989978,0.11092912368977043,0.1535579376767098
QK,0.11707806352757236,0.12685992921405723,0.19183671792188295,0.20688360276955356,0.14488286232970998,0.21245882423722395
QM,0.23201991143295903,0.061975934454349305,0.22841130681965835,0.2497776558355445,0.056420322800074967,0.17139486865741382
QP,0.1490376308609116,0.12563923147660463,0.1883757486282956,0.17734760065968075,0.17185037944298395,0.1877494089315236
QR,0.12805785801588385,0.15495429107072503,0.2056350219451593,0.15636697976424727,0.14636669880450734,0.20861915039947732
QS,0.14752176900233435,0.16061141092299025,0.2050514172005103,0.14547758744572,0.13354207200338514,0.20779574342506002
QT,0.16072666534411237,0.15049192708955583,0.21910976076568728,0.18268150888777096,0.10004490812738846,0.186945229785485
QV,0.20141641181509307,0.11441733062745349,0.2361713450508658,0.1574235977035148,0.14224932317862626,0.14832199162444665
QW,0.0,0.0,1.0,0.0,0.0,0.0
QY,0.12529258028828405,0.15732761502108394,0.20312521685949886,0.18117553049320023,0.1453525472110802,0.1877265101268527
GA,0.1804105028008274,0.12551134566663638,0.219671856882689,0.19009171417674225,0.13747117045999704,0.14684341001310797
GF,0.19589722174690596,0.0,0.267814978230123,0.22192071451124584,0.14793597381355128,0.16643111169817396
GC,0.18879722876409818,0.10905165684187745,0.23643119913077143,0.1960700779853567,0.09230242013226267,0.17734741714563348
GD,0.14659802314234727,0.168877187423231,0.18649345632007808,0.18800910633930093,0.11580649244104699,0.19421573433399583
GN,0.15074066684963425,0.19176868713540288,0.18758127988583553,0.1703934335394571,0.05474753219629931,0.24476840039337094
GE,0.17396209891207426,0.14951740969113267,0.18817468869247247,0.16726638994886445,0.13196666479731836,0.18911274795813787
GQ,0.16895537482229409,0.1578369637389633,0.1744610489509228,0.1926601559101387,0.12606383375261676,0.1800226228250645
GG,0.13364944943047113,0.14839541927655203,0.1966052822805216,0.19075413865452406,0.12290045223873584,0.20769525811919543
GH,0.1411053709912857,0.18965840268200318,0.176661507066739,0.19763516247537222,0.05440518517580471,0.24053437160879534
GL,0.13156797446061438,0.027067952243140268,0.2829936111875082,0.21457371306489353,0.1473713541367348,0.19642539490710884
GI,0.20138349755296037,0.0930360458532172,0.24489323202596303,0.20045155584419325,0.10326920756251384,0.15696646116115243
GK,0.1713734828733505,0.1323139995973732,0.21020539764920443,0.14729048577227272,0.13269110580941207,0.20612552829838718
GM,0.15025052759949756,0.14629656634687918,0.25132321524328255,0.06717338715782273,0.18555639256279732,0.1993999110897206
GP,0.16834260437187656,0.0993881176653878,0.20741600171940333,0.17073806013580664,0.1645286482303628,0.18958656787716283
GR,0.16262671518963265,0.10405324602828732,0.214559406538949,0.13347212233883898,0.16580717985085572,0.21948133005343637
GS,0.1638720127391382,0.1707717053649809,0.20509486188752182,0.1951953670458632,0.06376733402017874,0.20129871894231707
GT,0.14014468230287447,0.16353004325855824,0.19274025440533882,0.1718199587234978,0.13262051719715517,0.19914454411257548
GV,0.2034845302130849,0.07819228819730208,0.22629152484612694,0.17360204544432387,0.13457344373569458,0.18385616756346765
GW,0.2654984267926076,0.0,0.33966255833995085,0.26493679550516175,0.057117385432290245,0.07278483392998948
GY,0.19014598004718386,0.07058768579706719,0.22384601741069296,0.14566840557442082,0.1435704863000327,0.22618142487060247
HA,0.13589322643132168,0.16935178596933648,0.20008942986730152,0.20108937704305013,0.1819899789521228,0.11158620173686729
HF,0.23479459300393496,0.0,0.3314449534861582,0.15565835872224434,0.2781020947876626,0.0
HC,0.26872981590986,0.0,0.30005415027972093,0.0,0.2099091265905344,0.22130690721988466
HD,0.10209980772993126,0.20871004873307233,0.1518076011719621,0.19685152323687502,0.19873346896571706,0.14179755016244208
HN,0.1578589486875931,0.17460626347959704,0.24059173825423635,0.19071800023844396,0.08456192969658888,0.15166311964354082
HE,0.1224708933921988,0.14406072559565047,0.23073927981958806,0.21966379438824782,0.11080699878341799,0.17225830802089698
HQ,0.20199587364409788,0.06605157623548358,0.21881403228671215,0.17443647174392854,0.11646139584779286,0.22224065024198503
HG,0.19324476189286302,0.14962383413193045,0.2528488545454231,0.24575489870647335,0.03931343057956728,0.11921422014374289
HH,0.2874695041607553,0.0,0.31365268480537817,0.17182428782997328,0.0,0.22705352320389327
HL,0.17275603735790362,0.0,0.26786628825711284,0.2635445968947951,0.1782999101937002,0.11753316729648826
HI,0.22963339840003738,0.0,0.27162637685081004,0.09208698384333842,0.15996553378971676,0.24668770711609744
HK,0.16766492341619502,0.0,0.3057899961190911,0.27862591016942556,0.0,0.2479191702952884
HM,0.0,0.0,0.4322204062572962,0.2618258230212468,0.3059537707214569,0.0
HP,0.15630469471192482,0.1633560343229891,0.20386657902775182,0.2252894627604153,0.04717991870783399,0.20400331046908496
HR,0.18095521744150983,0.10549472109512668,0.22549804019634304,0.21106616562377703,0.10736810126995688,0.16961775437328663
HS,0.2213264815775849,0.15140410986622682,0.12253910962430467,0.2018635400700517,0.09077667170021343,0.2120900871616185
HT,0.16250304722403872,0.17026513422549516,0.24831926317381203,0.19265616557569723,0.12974802987751038,0.09650835992344658
HV,0.2646718953548751,0.06464921596026926,0.3412496589295226,0.05214453202211272,0.20500930080176644,0.07227539693145384
HW,0.17278394401287533,0.0,0.30203177614849075,0.28840628248765654,0.0,0.23677799735097732
HY,0.05994644158131428,0.1472168244726557,0.2840940057549243,0.12519396863776322,0.17820442179172521,0.20534433776161723
LA,0.26944574032188623,0.0,0.263156300616611,0.22138985617956528,0.11788376991849657,0.1281243329634409
LF,0.18429208264115512,0.0,0.3749947249465742,0.27541280335205426,0.10379217977493496,0.06150820928528143
LC,0.19292749052826869,0.0,0.3833716022564953,0.13584119201961906,0.13048491281621677,0.15737480237940013
LD,0.14791003232659988,0.10635356994250351,0.2440256771012218,0.1713514751451949,0.1372676719381418,0.1930915735463381
LN,0.21412648278060603,0.0,0.2818821785727966,0.2159697491850232,0.12732752842963221,0.16069406103194192
LE,0.15872205427663147,0.03660513341044149,0.2642465522494628,0.21829242527232967,0.14493044542749803,0.17720338936363647
LQ,0.16714109872846306,0.0,0.3013887776801796,0.2344235350232042,0.13731250690290608,0.15973408166524722
LG,0.21349553734666138,0.020020976147310205,0.26370810556740476,0.16658226143594462,0.1448709296989767,0.1913221898037023
LH,0.12979263317599649,0.0,0.20755454118948163,0.31917784356778567,0.16196862611617827,0.181506355950558
LL,0.25987295762251056,0.0,0.31924169368628763,0.18247921715565973,0.1221162650961149,0.1162898664394271
LI,0.23699808315041304,0.0,0.3075803446097044,0.2878698192439685,0.11838225372945815,0.04916949926645603
LK,0.1980088740854001,0.04059226894923598,0.2502344648427827,0.18187504811558228,0.10887146867271086,0.22041787533428814
LM,0.19629979265389308,0.0,0.38796398620787587,0.1420985857667569,0.0,0.27363763537147423
LP,0.1716204912821698,0.0,0.252189024386158,0.2210224006693068,0.20966444255161631,0.14550364111074923
LR,0.19926341326120428,0.023165849293127313,0.27381893563502424,0.19863208696876636,0.07645310335801499,0.22866661148386286
LS,0.24190136558884412,0.0,0.26521063092135794,0.22111248013353,0.14095684578964998,0.1308186775666179
LT,0.2636136157218318,0.03755095396128253,0.27262757738892496,0.18645398024056295,0.16078438827597702,0.07896948441142078
LV,0.21587629766758382,0.0,0.3901459873452305,0.10264356108635196,0.07538437438913716,0.2159497795116965
LW,0.21824177829124036,0.0,0.34273963483768644,0.15052715859772792,0.11362494085519548,0.17486648741814972
LY,0.17024166158510642,0.0,0.2659647661133183,0.22488209907589513,0.14035620599024098,0.19855526723543912
IA,0.17501520660308006,0.0,0.3969247465183867,0.25068673662986285,0.1773733102486703,0.0
IF,0.06810106648284954,0.0,0.41641339946391426,0.20784013864087966,0.21232589702881233,0.09531949838354435
IC,0.30484593834509605,0.0,0.22200033301988942,0.0,0.23497113899408528,0.23818258964092928
ID,0.17436022277318583,0.16220596488330927,0.2684527396786087,0.1970735256386986,0.03886631842348278,0.15904122860271483
IN,0.18334169997238017,0.08476100736513503,0.23965896975497467,0.20017420316116652,0.14733383418538748,0.14473028556095618
IE,0.1318449967829066,0.10010733333018332,0.2560529104736464,0.20036327866599551,0.14516267322562446,0.16646880752164353
IQ,0.17072853064104043,0.0,0.25260638413535136,0.20950059880047608,0.1885940941384743,0.17857039228465785
IG,0.25571030692965396,0.0,0.2754086445594969,0.15223820762919213,0.12932599622421254,0.18731684465744458
IH,0.22200959684323388,0.0,0.24411009969640649,0.10503958729148331,0.20273706137882685,0.2261036547900496
IL,0.2751552118535489,0.0,0.348839578960314,0.20994842742307235,0.11731813192112571,0.04873864984193915
II,0.20635060403306987,0.0,0.31779878234114345,0.2538295040760771,0.1543465504606101,0.06767455908909958
IK,0.18531896619635546,0.12452160255368293,0.2720600896788297,0.20726704869054702,0.05457609396086589,0.15625619891971904
IM,0.2903935100199496,0.0,0.3315732619660561,0.0,0.3780332280139944,0.0
IP,0.1690388228581301,0.0,0.2861187555891777,0.19877759645373452,0.14092702398053455,0.2051378011184231
IR,0.19452835877950628,0.0,0.29553564944606625,0.19115054655625005,0.16688804840990487,0.15189739680827258
IS,0.20501573497732237,0.0,0.2989125751702426,0.15294155080727093,0.17655485437608948,0.16657528466907442
IT,0.19676728337231048,0.08746756248066008,0.3191953423457409,0.15556571383490553,0.08922536470249363,0.1517787332638895
IV,0.20680541555081997,0.0,0.3953527759706219,0.20911726891134205,0.11878801581178756,0.06993652375542843
IW,0.22339245319468562,0.0,0.21731571547824982,0.2470806072889674,0.09088176183597446,0.22132946220212252
IY,0.20453323945984475,0.0,0.28815003475004175,0.19998173482652412,0.081373439354992,0.22596155160859743
KA,0.13580044113789871,0.1449441387014876,0.21062621669700093,0.19223969231320284,0.12841860890253406,0.18797090224787583
KF,0.16050195835447315,0.0,0.25633813874192185,0.2021423502605707,0.29058314475253205,0.09043440789050218
KC,0.20162360814251282,0.17250676226173978,0.22324954227697524,0.10165729034121763,0.10396535192817769,0.1969974450493768
KD,0.1740051958178405,0.1378932258618524,0.22075730170242866,0.16650548294868991,0.13185760679007208,0.16898118687911648
KN,0.1390333513211069,0.16080016770841976,0.21221273354872175,0.19281857165916833,0.10213447069189817,0.19300070507068517
KE,0.16755747399598434,0.15839514194384455,0.22055685419384555,0.17485101924260846,0.10620892293340975,0.1724305876903074
KQ,0.14210856532740132,0.13327031966439856,0.20172493275057077,0.15651049537063264,0.1607353185585516,0.20565036832844513
KG,0.13441590420023058,0.14597416025493642,0.20700451197344197,0.16223912689396913,0.1345901309069062,0.21577616577051562
KH,0.0,0.09191009750826103,0.35112959407347627,0.28548511300034346,0.0,0.27147519541791915
KL,0.1816794060419644,0.037198824093841704,0.2701643410883249,0.17638911240366476,0.09739121868153466,0.2371770976906695
KI,0.20015857653111038,0.059710672523439916,0.2756325470577363,0.20675448702776048,0.12120028462574516,0.13654343223420773
KK,0.12085786965635,0.1385867851495456,0.21802674067807745,0.18257219962366672,0.11064336027057271,0.2293130446217876
KM,0.1202820150651721,0.08576528895211201,0.2688009665938144,0.2593138736552092,0.08790300801871499,0.17793484771497706
KP,0.12296249689325561,0.1324516476799184,0.20362847131899497,0.17237629584952122,0.13035059228944532,0.23823049596886453
KR,0.15950316428589545,0.14563985380591685,0.19292504249735393,0.16735360518796005,0.12469800357898725,0.20988033064388642
KS,0.15891221400679212,0.1519314552273038,0.2125776057906622,0.1596908142270996,0.12410727823528515,0.19278063251285715
KT,0.1523156435698393,0.17814371250818903,0.21825375185914525,0.12317068914321659,0.13385939979428893,0.19425680312532093
KV,0.17822692955695596,0.14295385880431502,0.24749932260135007,0.15131200847990092,0.054251109284817994,0.22575677127266006
KW,0.1697712475397327,0.0,0.2929044373471126,0.17980500921465772,0.1346945435025978,0.22282476239589913
KY,0.18187744891197777,0.06358474208646861,0.2077903273700436,0.19900824560949837,0.16150157301847035,0.18623766300354125
MA,0.15495505777187082,0.0,0.29067379090375967,0.252964892758503,0.14487483146536126,0.15653142710050527
MF,0.09439270924522151,0.0,0.10919940873466803,0.26426640742994356,0.3132658038075789,0.21887567078258788
MC,1.0,0.0,0.0,0.0,0.0,0.0
MD,0.192532926963409,0.13433122574101924,0.20484155957547082,0.12244350664889365,0.18530512836595958,0.16054565270524773
MN,0.0,0.0,1.0,0.0,0.0,0.0
ME,0.0,0.19137775342161348,0.2439525741002912,0.2709308587654999,0.0,0.29373881371259547
MQ,0.20916222218814148,0.08536173471751139,0.21349270297878623,0.126059872296765,0.19906752034508443,0.16685594747371155
MG,0.07492017663530304,0.17581493737793305,0.19387811587566592,0.1507106747804063,0.16867186029053055,0.2360042350401612
MH,0.2503817580845731,0.0,0.360031700418162,0.38958654149726485,0.0,0.0
ML,0.20505937279326925,0.0,0.3097415001229618,0.16382536215034377,0.13502793520985365,0.18634582972357164
MI,0.0,0.0,0.552978098213199,0.21737335041120184,0.22964855137559914,0.0
MK,0.0,0.0,0.3699623833235892,0.21330720636366726,0.1492951649385966,0.2674352453741471
MM,0.0,0.0,0.420617422531495,0.27648061107210414,0.3029019663964008,0.0
MP,0.26001316592047474,0.0,0.26806310913782694,0.26478404969883207,0.0,0.20713967524286622
MR,0.2029841638076802,0.06650171679864442,0.21487208097091884,0.18243684506960042,0.1255713441762529,0.20763384917690325
MS,0.2451262207287443,0.0631351677587325,0.2989928074868244,0.20199550740403863,0.06401530485574086,0.12673499176591935
MT,0.17313227034348186,0.0,0.2730207553874861,0.17870143211975495,0.13236235844922217,0.24278318370005497
MV,0.20364225559213744,0.0,0.3461918345066336,0.23079455633775578,0.10239783651234602,0.11697351705112712
MW,0.15961726952168687,0.0,0.17343030246106358,0.44645424395917366,0.0,0.22049818405807597
MY,0.27100722677987876,0.0,0.2766768340346879,0.2925918731605771,0.0,0.15972406602485612
PA,0.11139094477385511,0.1344340205130306,0.19537931253422217,0.1825491508632548,0.17845141427710098,0.19779515703853637
PF,0.20713277505639255,0.0,0.34466646030688086,0.24883879861957994,0.06084824246460309,0.13851372355254374
PC,0.06600045338645455,0.15117734315881828,0.21752356428128294,0.1889272672730943,0.2105790497045229,0.165792322195827
PD,0.14408335266802993,0.13993779655617786,0.21059945620335677,0.18069637807739472,0.13189176766737845,0.1927912488276624
PN,0.12744386323337262,0.16146454206201094,0.18807271852971408,0.17487576002171848,0.1392047599369025,0.20893835621628137
PE,0.14033092511877365,0.14187360231956042,0.19416061699491868,0.19410555471342728,0.13079091321380557,0.19873838763951435
PQ,0.16322349841504277,0.14982455451530047,0.19645754510959704,0.19306303029128863,0.09091644517470818,0.20651492649406283
PG,0.16793426348112284,0.07675674955356235,0.2157369155122906,0.18726438127178616,0.14443736724637288,0.2078703229348651
PH,0.06589504867431706,0.15015016816247054,0.2117865090636193,0.2048924169717046,0.1439683222637412,0.22330753486414726
PL,0.19181350202216654,0.0,0.2953218398180667,0.2517202227471451,0.1630805300007779,0.09806390541184368
PI,0.21014840715134483,0.041710664688388514,0.3034112676609125,0.20664138724618245,0.036180882115918696,0.2019073911372529
PK,0.10761654297137516,0.16370968341990166,0.19208283116222832,0.16974945814801456,0.1408208940740988,0.22602059022438137
PM,0.2917112821798889,0.0,0.2597009792689278,0.20071285123439253,0.0,0.24787488731679086
PP,0.17518123380843778,0.08083063774507084,0.20448086962017975,0.19536903463020172,0.1643998532606814,0.17973837093542833
PR,0.13095597591017644,0.12138010197027911,0.2102690000962141,0.19269238287442172,0.13245411510337343,0.21224842404553526
PS,0.15083462200620043,0.12284405853240403,0.21457330206592,0.1714924000543856,0.16241277633336784,0.17784284100772207
PT,0.150081606008999,0.1714214775370406,0.1966694202524146,0.16992989280885232,0.11755371636932468,0.1943438870233688
PV,0.1688148185950576,0.043022589647622754,0.27959448607366666,0.21816827078792161,0.10464729591645487,0.18575253897927652
PW,0.17114943472309263,0.0,0.23459421042673662,0.24320317227725907,0.13879133915299074,0.21226184341992096
PY,0.142584608027909,0.03611464918341842,0.2710144831916555,0.15129628980074702,0.20683788072305542,0.19215208907321457
RA,0.1735606096311269,0.11139301907618078,0.21518895333031968,0.12198548493389436,0.18646090765633327,0.19141102537214497
RF,0.25613444641945055,0.0,0.27524895734627514,0.08594657855885687,0.14658413436268325,0.23608588331273417
RC,0.31897608000058847,0.23907958577481972,0.21745847540909685,0.22448585881549496,0.0,0.0
RD,0.1684601667439408,0.13808706980946053,0.185275166629459,0.18362664123071976,0.12228541192977294,0.20226554365664684
RN,0.15027098554381838,0.14000203766076075,0.20645968317657168,0.159233909981085,0.14855188451118417,0.19548149912658003
RE,0.16487187172849926,0.15149320630386373,0.22085337030789476,0.17463867847959075,0.08849159485948671,0.19965127832066468
RQ,0.17182665552345044,0.13405319240837785,0.23822137423268336,0.14655385820351496,0.08438702447072537,0.2249578951612481
RG,0.1792083677030546,0.12928414444089775,0.1876229277733053,0.1673970541942762,0.14496134978130673,0.1915261561071594
RH,0.18779852884604215,0.1339827448881842,0.26075103428238927,0.17137327834535188,0.1377952620191488,0.1082991516188837
RL,0.19066226995444893,0.03047166400794578,0.24439700878779824,0.1828437658948062,0.1393865876543213,0.21223870370067952
RI,0.10242043251382305,0.0,0.29559190403791913,0.1975284007455577,0.1528317330052342,0.25162752969746605
RK,0.14527700925462483,0.14669801329749188,0.20819519438616718,0.17165615032390452,0.12731252187317585,0.2008611108646358
RM,0.2295872871636291,0.0,0.31177681895889275,0.19335883451028582,0.1226781895321371,0.14259886983505515
RP,0.1689308180078107,0.1470016092848661,0.18074354399092873,0.18351187212599082,0.11310522756944617,0.20670692902095747
RR,0.1549448363157378,0.10470106969507238,0.21490238320151817,0.19108187807556679,0.1257650855746047,0.2086047471375002
RS,0.1890100970178181,0.14876681751227527,0.21650247476586434,0.162963524763547,0.10305715668595981,0.1796999292545355
RT,0.158725171430923,0.16173589717804857,0.21325476278877123,0.15635690605031968,0.10469082647944138,0.20523643607249603
RV,0.14494988968687833,0.09867545445886991,0.2647386513854846,0.19943642325229768,0.11503331853347253,0.17716626268299693
RW,0.20160672707759247,0.0,0.2981022545677222,0.21138159869347578,0.13571192134016927,0.1531974983210403
RY,0.186251024835719,0.1652666636670861,0.2164646856058773,0.20713899023785573,0.047956026712410844,0.17692260894105097
SA,0.19190055196357586,0.14499368988212172,0.2589772097173956,0.1748307358182957,0.09829088517646267,0.13100692744214845
SF,0.254344572982432,0.06391662327090476,0.2166773528883671,0.17044432872241266,0.16796694022354036,0.12665018191234315
SC,0.1857796430125064,0.11157304339561291,0.3219505530134989,0.1857796430125064,0.06641700559637667,0.1285001119694987
SD,0.13905343458484745,0.19609740812706314,0.219730131349009,0.16053814434151503,0.11545660778437987,0.16912427381318546
SN,0.15922850833230093,0.1780971541527642,0.18806347923971917,0.17264641765821848,0.10047206830688045,0.20149237231011685
SE,0.16801692325892642,0.17809316610246587,0.17443457139029842,0.16991911249370642,0.10563150914452503,0.20390471761007772
SQ,0.12791823190170792,0.16679915345237903,0.20248748767385608,0.18373064586351565,0.11580318054589625,0.20326130056264513
SG,0.13783701276019034,0.16944694295349053,0.20985348370204568,0.1902196860553936,0.07078458387007122,0.22185829065880872
SH,0.11683356935761399,0.18393516553014033,0.25060676071164106,0.22893371790759579,0.0,0.21969078649300874
SL,0.28335307682062744,0.0,0.29539625193143626,0.2045286586647022,0.09166996501787687,0.12505204756535743
SI,0.14770127368604763,0.027731330454093546,0.28207414667570413,0.21717915026180676,0.1393944748198628,0.185919624102485
SK,0.14262484392240646,0.14206236349840265,0.1995532262266624,0.1475042134187457,0.14531309520424468,0.22294225772953813
SM,0.1403703318642311,0.07047542716425827,0.1602346806611909,0.18754665883414667,0.20797508208473106,0.23339781939144186
SP,0.18632929685347513,0.10374378432867482,0.21769448979037836,0.2056243826185847,0.13832504577156643,0.14828300063732053
SR,0.17682914248463225,0.16673115021067292,0.21575891188382063,0.1529799421991194,0.0979995893356676,0.18970126388608713
SS,0.15233434296586362,0.16564031289433553,0.17651675187942736,0.17713488939394464,0.13337820551222168,0.19499549735420713
ST,0.13677278703406653,0.16518067045537793,0.22067786435895095,0.16778542619664794,0.1336318670813009,0.1759513848736556
SV,0.19624439483977624,0.06406793103884711,0.2663918382432312,0.21660898020946423,0.09601773758508854,0.1606691180835927
SW,0.19505232418149335,0.0,0.21501444361118868,0.18345879626724754,0.14406835033603368,0.26240608560403683
SY,0.17650907208020683,0.1547538243142855,0.225748396173017,0.18911686294307872,0.15271631314776513,0.10115553134164676
TA,0.14383378482158252,0.18613407859763464,0.2187928766309529,0.18465221375942661,0.13047961422773693,0.1361074319626664
TF,0.2033407361447749,0.0,0.27166602657825756,0.1361654101836034,0.19010070428968906,0.19872712280367494
TC,0.18420860443961765,0.1643781061666108,0.23404528135633784,0.16898069313927588,0.13482502112176267,0.11356229377639512
TD,0.1561242152935404,0.20201508451913325,0.21429156941571587,0.16428158967380488,0.04090159238844837,0.2223859487093571
TN,0.15118910995375104,0.18752820856792196,0.19925886075796856,0.1915550594527685,0.06339693623238848,0.2070718250352014
TE,0.17608160150776006,0.13655399989489264,0.25486160037795325,0.14640753290582262,0.11736002502533074,0.16873524028824083
TQ,0.18106982291218893,0.15729208572495526,0.2479254214325805,0.1617073021663575,0.08270772284281297,0.16929764492110494
TG,0.1359884699229865,0.17141795832139817,0.2108985047627879,0.16030129396638054,0.14189691661349466,0.17949685641295224
TH,0.1352153449217755,0.19586417060276462,0.17535837271407206,0.24900387594538934,0.13936741624175994,0.1051908195742384
TL,0.19318756835538156,0.04050039406184807,0.2833661244805488,0.20012905483136373,0.12084728971108018,0.16196956855977754
TI,0.20176890852165064,0.07915690286632457,0.25296551576148857,0.14523862754746147,0.16103375906956216,0.15983628623351268
TK,0.15037096269110975,0.16235548065320798,0.2082102318857151,0.14348694288318914,0.13036540681485337,0.20521097507192473
